function [alphabet,targets] = prprob_myversion()
%PRPROB Character recognition problem definition
%  
%  [ALHABET,TARGETS] = PRPROB()
%  Returns:
%    ALPHABET - 35x26 matrix of 5x7 bit maps for each letter.
%    TARGETS  - 26x26 target vectors.




letterA =  [0 0 1 0 0 ...
            0 1 0 1 0 ...
            0 1 0 1 0 ...
            1 0 0 0 1 ...
            1 1 1 1 1 ...
            1 0 0 0 1 ...
            1 0 0 0 1 ]';

letterBB =  [1 1 1 1 1 ...
            1 0 0 0 0 ...
            1 0 0 0 0 ...
            1 1 1 1 0 ...
            1 0 0 0 1 ...
            1 0 0 0 1 ...
            1 1 1 1 0 ]';

letterB =  [1 1 1 1 0 ...
            1 0 0 0 1 ...
            1 0 0 0 1 ...
            1 1 1 1 0 ...
            1 0 0 0 1 ...
            1 0 0 0 1 ...
            1 1 1 1 0 ]';


letterG =  [1 1 1 1 1 ...
            1 0 0 0 0 ...
            1 0 0 0 0 ...
            1 0 0 0 0 ...
            1 0 0 0 0 ...
            1 0 0 0 0 ...
            1 0 0 0 0 ]';

letterD =  [0 1 1 1 0 ...
            0 1 0 1 0 ...
            0 1 0 1 0 ...
            0 1 0 1 0 ...
            0 1 0 1 0 ...
            0 1 1 1 0 ...
            1 0 0 0 1 ]';

letterE  = [1 1 1 1 1 ...
            1 0 0 0 0 ...
            1 0 0 0 0 ...
            1 1 1 1 0 ...
            1 0 0 0 0 ...
            1 0 0 0 0 ...
            1 1 1 1 1 ]';

letterGG  = [1 0 1 0 1 ...
            1 0 1 0 1 ...
            0 1 1 1 0 ...
            0 0 1 0 0 ...
            0 1 1 1 0 ...
            1 0 1 0 1 ...
            1 0 1 0 1 ]';
letterZ  = [1 1 1 1 0 ...
            0 0 0 0 1 ...
            0 0 0 0 1 ...
            0 1 1 1 0 ...
            0 0 0 0 1 ...
            0 0 0 0 1 ...
            1 1 1 1 0 ]';


letterI  = [0 0 0 0 0 ...
            0 0 0 0 0 ...
            1 0 0 0 1 ...
            1 0 0 1 1 ...
            1 0 1 0 1 ...
            1 1 0 0 1 ...
            1 0 0 0 1 ]';


letterII  = [0 1 1 1 0 ...
            0 0 0 0 0 ...
            1 0 0 0 1 ...
            1 0 0 1 1 ...
            1 0 1 0 1 ...
            1 1 0 0 1 ...
            1 0 0 0 1 ]';


letterK =  [1 0 0 0 1 ...
            1 0 0 1 0 ...
            1 0 1 0 0 ...
            1 1 0 0 0 ...
            1 0 1 0 0 ...
            1 0 0 1 0 ...
            1 0 0 0 1 ]';



letterL =  [0 0 1 0 0 ...
            0 1 0 1 0 ...
            0 1 0 1 0 ...
            1 0 0 0 1 ...
            1 0 0 0 1 ...
            1 0 0 0 1 ...
            1 0 0 0 1 ]';


letterM =  [1 0 0 0 1 ...
            1 1 0 1 1 ...
            1 0 1 0 1 ...
            1 0 0 0 1 ...
            1 0 0 0 1 ...
            1 0 0 0 1 ...
            1 0 0 0 1 ]';



letterN =  [1 0 0 0 1 ...
            1 0 0 0 1 ...
            1 0 0 1 1 ...
            1 1 1 1 1 ...
            1 0 0 0 1 ...
            1 0 0 0 1 ...
            1 0 0 0 1 ]';

letterO =  [0 1 1 1 0 ...
            1 0 0 0 1 ...
            1 0 0 0 1 ...
            1 0 0 0 1 ...
            1 0 0 0 1 ...
            1 0 0 0 1 ...
            0 1 1 1 0 ]';

letterP =  [1 1 1 1 1 ...
            1 0 0 0 1 ...
            1 0 0 0 1 ...
            1 0 0 0 1 ...
            1 0 0 0 1 ...
            1 0 0 0 1 ...
            1 0 0 0 1]';

letterR =  [1 1 1 1 0 ...
            1 0 0 0 1 ...
            1 0 0 0 1 ...
            1 1 1 1 0 ...
            1 0 0 0 0 ...
            1 0 0 0 0 ...
            1 0 0 0 0 ]';


letterC =  [0 1 1 1 0 ...
            1 0 0 0 1 ...
            1 0 0 0 0 ...
            1 0 0 0 0 ...
            1 0 0 0 0 ...
            1 0 0 0 1 ...
            0 1 1 1 0 ]';

letterT =  [1 1 1 1 1 ...
            0 0 1 0 0 ...
            0 0 1 0 0 ...
            0 0 1 0 0 ...
            0 0 1 0 0 ...
            0 0 1 0 0 ...
            0 0 1 0 0 ]';

letterY =  [1 0 0 0 1 ...
            1 0 0 0 1 ...
            1 0 0 0 1 ...
            0 1 1 1 1 ...
            0 0 0 0 1 ...
            1 0 0 0 1 ...
            0 1 1 1 0 ]';


letterF =  [0 1 1 1 0 ...
            1 0 1 0 1 ...
            1 0 1 0 1 ...
            0 1 1 1 0 ...
            0 0 1 0 0 ...
            0 0 1 0 0 ...
            0 0 1 0 0 ]';

letterX =  [1 0 0 0 1 ...
            1 0 0 0 1 ...
            0 1 0 1 0 ...
            0 0 1 0 0 ...
            0 1 0 1 0 ...
            1 0 0 0 1 ...
            1 0 0 0 1 ]';

letterCC =  [1 0 0 1 0 ...
            1 0 0 1 0 ...
            1 0 0 1 0 ...
            1 0 0 1 0 ...
            1 0 0 1 0 ...
            1 1 1 1 1 ...
            0 0 0 0 1 ]';

letterCH =  [1 0 0 0 1 ...
            1 0 0 0 1 ...
            1 0 0 0 1 ...
            1 1 1 1 1 ...
            0 0 0 0 1 ...
            0 0 0 0 1 ...
            0 0 0 0 1 ]';

letterSH =  [1 0 1 0 1 ...
            1 0 1 0 1 ...
            1 0 1 0 1 ...
            1 0 1 0 1 ...
            1 0 1 0 1 ...
            1 0 1 0 1 ...
            1 1 1 1 1 ]';

letterSHH =  [1 0 1 0 1 ...
            1 0 1 0 1 ...
            1 0 1 0 1 ...
            1 0 1 0 1 ...
            1 0 1 0 1 ...
            1 1 1 1 1 ...
            0 0 0 0 1 ]';

letterTV =  [1 1 0 0 0 ...
            0 1 0 0 0 ...
            0 1 0 0 0 ...
            0 1 0 0 0 ...
            0 1 1 1 0 ...
            0 1 0 0 1 ...
            0 1 1 1 0 ]';

letterAA =  [1 0 0 0 1 ...
            1 0 0 0 1 ...
            1 0 0 0 1 ...
            1 0 0 0 1 ...
            1 1 0 0 1 ...
            1 0 1 0 1 ...
            1 1 0 0 1 ]';

letterMV =  [1 0 0 0 0 ...
            1 0 0 0 0 ...
            1 0 0 0 0 ...
            1 1 1 1 0 ...
            1 0 0 0 1 ...
            1 0 0 0 1 ...
            1 1 1 1 0 ]';

letterAAA =  [1 1 1 1 0 ...
            0 0 0 0 1 ...
            0 0 0 0 1 ...
            1 1 1 1 1 ...
            0 0 0 0 1 ...
            0 0 0 0 1 ...
            1 1 1 1 0 ]';

letterU =  [1 0 0 1 0 ...
            1 0 1 0 1 ...
            1 0 1 0 1 ...
            1 1 1 0 1 ...
            1 0 1 0 1 ...
            1 0 1 0 1 ...
            1 0 0 1 0 ]';

letterIAM =  [0 1 1 1 1 ...
            1 0 0 0 1 ...
            1 0 0 0 1 ...
            0 1 1 1 1 ...
            0 0 1 0 1 ...
            0 1 0 0 1 ...
            1 0 0 0 1 ]';

alphabet = [letterA,letterBB,letterB,letterG,letterD,letterE,letterGG,letterZ,...
            letterI,letterII,letterK,letterL,letterM,letterN,letterO,letterP,...
            letterR,letterC,letterT,letterY,letterF,letterX,letterCC,letterCH,...
            letterSH,letterSHH,letterTV,letterAA,letterMV,letterAAA,letterU,letterIAM];


targets = eye(32);
